337
981
730
385
584
463
365
505
574
224
263
447
521
518
803
506
313
840
686
503
516
668
8
431
667
683
487
74
482
478
726
970
159
922
214
830
780
578
890
219
243
741
966
108
874
454
554
604
473
409
69
326
401
357
381
132
152
998
490
107
783
530
337
188
986
607
377
377
128
815
585
409
922
243
192
872
524
639
523
842
10
702
377
929
693
848
94
177
458
216
955
555
99
298
445
409
917
990
995
671
332
894
302
490
501
314
232
653
292
469
332
639
255
18
306
418
446
89
501
696
2
53
484
100
969
586
230
386
395
714
38
308
114
519
764
925
796
210
326
72
914
724
702
460
846
9
249
786
290
591
526
546
356
463
979
325
937
153
301
270
167
846
47
474
589
215
134
980
248
917
295
821
745
947
662
668
249
416
375
374
313
117
398
241
983
566
449
659
862
420
679
545
538
88
801
578
551
25
289
862
82
821
563
458
47
318
207
701
287
286
292
256
79
129
423
836
760
231
739
169
751
16
736
669
422
325
887
666
110
274
122
639
487
998
423
527
865
827
420
461
720
571
658
577
124
480
998
342
124
533
864
523
225
958
643
56
350
283
833
875
98
931
960
617
215
615
773
977
519
553
856
524
353
924
301
376
566
131
399
819
420
46
331
356
517
750
794
871
591
763
771
571
283
129
896
669
551
129
78
269
437
753
598
526
93
304
855
732
168
915
57
745
488
734
998
779
467
282
375
985
235
316
330
256
440
923
807
939
89
842
1000
458
437
647
915
2
72
518
444
863
450
926
825
899
343
185
342
414
249
810
306
484
510
82
895
129
711
529
552
767
666
863
850
48
953
399
630
966
734
272
131
573
71
506
866
301
952
995
198
929
998
211
685
115
485
861
713
733
829
811
42
174
222
161
27
143
359
622
826
205
449
206
214
152
27
139
917
114
641
184
68
944
478
596
778
224
250
31
379
76
701
309
595
378
435
863
308
353
83
448
597
498
929
905
554
961
120
568
892
97
921
139
109
361
301
204
239
218
367
831
927
481
108
15
495
257
813
250
303
282
867
925
700
134
806
924
966
57
512
178
517
479
891
211
233
74
83
979
228
406
639
562
534
796
532
657
577
815
429
667
766
993
345
459
645
321
517
648
368
352
34
959
923
356
856
699
540
303
685
720
694
796
683
77
737
201
198
666
827
542
670
107
847
811
866
210
50
864
679
692
633
304
82
984
419
377
257
78
217
878
921
599
838
759
4
428
326
88
237
571
880
559
770
569
649
429
259
74
744
588
378
203
79
100
472
320
693
209
327
623
690
901
852
484
929
411
117
983
876
65
579
278
503
65
656
851
657
67
934
381
956
949
533
671
479
396
284
811
65
736
986
36
595
485
599
848
569
991
202
33
435
296
397
394
713
387
950
396
314
675
884
207
259
150
449
831
644
216
179
483
399
483
196
140
734
221
69
743
44
494
468
322
186
169
128
543
400
489
917
542
271
20
598
521
544
37
989
541
726
858
43
756
447
725
35
367
808
614
628
555
275
283
228
495
859
238
664
419
436
340
933
569
246
185
394
115
793
242
941
839
368
140
683
831
887
985
930
492
184
973
173
10
83
540
479
649
6
99
627
748
165
580
95
369
836
671
502
308
654
804
975
466
903
648
479
72
538
848
587
502
766
747
907
69
663
144
644
762
695
651
449
478
42
905
288
69
191
545
736
624
827
145
891
728
852
376
857
10
720
514
876
161
581
521
77
882
598
734
473
341
208
401
928
778
712
84
757
996
134
305
362
924
20
608
263
423
360
964
918
921
350
991
433
743
868
852
501
551
805
355
76
593
648
403
294
950
75
635
763
923
180
805
444
512
775
582
574
561
942
67
389
884
810
11
413
825
612
448
980
67
885
642
735
939
801
523
555
412
926
321
7
74
542
593
101
274
208
964
155
532
746
942
129
658
589
574
554
285
647
890
392
820
923
761
818
293
33
251
337
731
141
882
589
430
235
679
692
377
482
165
983
527
605
258
239
36
404
25
659
328
200
957
870
933
656
494
566
371
696
100
10
336
128
310
703
306
230
484
208
973
867
149
829
862
250
720
480
3
159
665
305
543
629
65
176
32
140
287
939
159
806
383
618
963
440
914
100
464
341
605
901
858
812
945
172
124
901
968
364
172
136
991
537
841
271
124
12
431
603
322
56
251
405
663
676
887
29
96
469
177
931
116
90
15
152
678
381
443
320
121
948
267
745
467
345
551
254
626
277
575
800
16
506
681
855
645
882
256
628
881
